nQx	1977	1978	1979	1980	1981	1982	1983	1984	1985	1986	1987	1988	1989	1990	1991	1992	1993	1994	1995	1996	1997	1998	1999	2000	2001	2002	2003	2004	2005	2006	2007	2008	2009	2010	2011	2012	2013	2014	2015	2016
0	0.1263	0.11018		0.0985	0.09378	0.08285	0.08027		0.07657		0.06198		0.0554		0.053		0.0533	0.0515	0.0517	0.0522		0.036	0.0386	0.0353	0.0359	0.0333	0.0303	0.0285	0.02818	0.02527	0.0244	0.0239	0.0229	0.0222	0.0216	0.0212	0.0212	0.0204	0.0207	0.0207
1	0.0569989698981344	0.0452930328790537		0.05579589572934	0.0527245039835801	0.0481055443493431	0.02305		0.0209003389536835		0.013901622566683		0.0103006563624815		0.00918690601900739		0.00940107742685117	0.00938323668950975	0.00970157123273226	0.00896813673770838		0.0073	0.0064	0.0062	0.0063	0.0055	0.0052	0.0051	0.00490831635488053	0.00465770008104808	0.0046	0.0043	0.0043	0.0039	0.00371013900245298	0.0035	0.0037	0.0035	0.0035	0.003
5	0.0173443379050856	0.0188219507027332		0.0114891518737673	0.0104491868971623	0.00989656712827738	0.01306		0.0112926238483404		0.00860559147224805		0.00699562506016879		0.00500905893637429		0.00533162721262529	0.00510855683269476	0.00479182195719306	0.0046843394016821		0.0037	0.0031	0.0033	0.0034	0.003	0.003	0.0025	0.00266790755390104	0.00248404951607417	0.0024	0.0023	0.0022	0.0021	0.0020209895667696	0.002	0.002	0.0021	0.0019	0.0017
10	0.0111658699867838	0.0113850398896287		0.00682995201216325	0.00647462535463289	0.00608521616400005	0.00752		0.00741677107571147		0.00672831563106584		0.00499822261480293		0.00396315338474722		0.00364493996569468	0.00363714163457424	0.00363791996576075	0.00374371590544443		0.0027	0.0023	0.0024	0.0024	0.0022	0.0022	0.0019	0.00207367777121113	0.00187025976978239	0.0019	0.0018	0.0017	0.0017	0.00159333881578947	0.0015	0.0017	0.0018	0.0016	0.0016
15	0.0130656906953795	0.0134577579302478		0.0102496023345652	0.00955010249179473	0.00890435673297406	0.00707		0.00668327153467299		0.00678487127408465		0.00549974016975576		0.00483923002473384		0.00462664084355498	0.00429461026411853	0.00493986254295533	0.004723564143854		0.0035	0.0031	0.0028	0.0028	0.0028	0.0029	0.0023	0.00217149625442871	0.0020497530979223	0.0023	0.0022	0.0022	0.0022	0.00203861003861004	0.0025	0.0021	0.0022	0.0023	0.002
20	0.0161749629798382	0.0153757211213206		0.0143917057373484	0.0135540907513967	0.0126250763376709	0.00975		0.00915630389398203		0.00787027313827141		0.00599825821902896		0.00529500756429652		0.00562101394443844	0.00560707353892603	0.00669112885819124	0.00625606730665516		0.0043	0.0041	0.0037	0.0035	0.0035	0.0036	0.003	0.00294675024469481	0.00285272668803618	0.0027	0.0027	0.0026	0.0024	0.00221816418541789	0.0025	0.0023	0.0025	0.0025	0.0024
25	0.0212522352154169	0.0179894312091646		0.0164163550542512	0.0154260350724005	0.0144993041761326	0.00995		0.00959589597957151		0.00871260654002563		0.00750199870768489		0.00630092341118957		0.006631155560387	0.00661461721969204	0.00738728951656708	0.00683890577507599		0.0053	0.0049	0.0046	0.0044	0.0042	0.0045	0.004	0.00366560492924651	0.0036411302068162	0.0033	0.0034	0.0035	0.0032	0.00300893374141782	0.003	0.0031	0.003	0.0029	0.0028
30	0.0187168938368318	0.0215629651303319		0.0195572507665844	0.0178848569950484	0.0164626934125087	0.01203		0.012128429547583		0.00990188034572286		0.00950079449152542		0.00885633063634376		0.00842635149923397	0.00840519593930794	0.00831873905429072	0.00863482347797574		0.0068	0.0063	0.0059	0.0057	0.0052	0.0057	0.0051	0.00493689992033877	0.00497003362081567	0.0045	0.0047	0.0047	0.0046	0.0042832992812769	0.0042	0.0042	0.0039	0.0039	0.004
35	0.0181362765715204	0.02513261909715		0.0243970657411292	0.0234655228635212	0.0219536139403608	0.01538		0.0152267034947684		0.0149843345593243		0.0129004946303641		0.0112520683949255		0.0123606665930913	0.011889035667107	0.0121412803532009	0.0120176405733186		0.0096	0.009	0.0089	0.0085	0.0078	0.008	0.0072	0.00712081151970337	0.00665281537912653	0.0064	0.0068	0.0066	0.0066	0.00613490542454795	0.0065	0.0064	0.0059	0.0057	0.0055
40	0.0210905419969169	0.0269408767788314		0.0240689097969715	0.0234257606308516	0.022835347109823	0.01867		0.017149784290655		0.0159152722076246		0.0163984380290274		0.014838781657927		0.0167616493462957	0.0170454545454545	0.0178750977544408	0.0171855819662984		0.0122	0.0123	0.0117	0.0113	0.011	0.011	0.0112	0.0105138079930403	0.0100460576354263	0.0094	0.0096	0.0092	0.0086	0.00844695500896048	0.0091	0.0085	0.0085	0.0084	0.0081
45	0.0268405869810611	0.0307210805913602		0.0271728245049472	0.0257630952537514	0.0244989150113635	0.02313		0.020387433795255		0.0189247110351208		0.0187947494033413		0.018235360743006		0.0192089111161628	0.0193811628697722	0.0213879408418658	0.0222550244123992		0.0167	0.0172	0.017	0.0163	0.0149	0.0151	0.0142	0.0141101794866296	0.0135413443172239	0.013	0.013	0.0133	0.0129	0.0128840645577246	0.0128	0.0124	0.0121	0.0118	0.0117
50	0.03637353038049	0.0412241376872057		0.0398869001866696	0.0372030237580993	0.0345912363602859	0.0314		0.0319335407100183		0.0296985974336019		0.0281006618799261		0.02676202560849		0.0301309537605748	0.0306252166878539	0.0291792606370611	0.0288003716176983		0.0226	0.0225	0.0222	0.0212	0.0214	0.0214	0.0205	0.0180532898314301	0.0202609147159361	0.0192	0.0194	0.0195	0.018	0.0179240636443455	0.0181	0.0174	0.0171	0.0168	0.017
55	0.0554160288894503	0.0620538084842764		0.0577841315225161	0.0546239694913353	0.051864476106074	0.04888		0.0506343640420784		0.0508691426673392		0.0459024677840478		0.0430247718383312		0.0469534050179211	0.0451835956127802	0.0450245479583283	0.0435250508190841		0.0343	0.0325	0.0323	0.0289	0.0264	0.0282	0.0277	0.0321741056595415	0.0278013933819876	0.0272	0.026	0.0295	0.0281	0.0273877017008286	0.0268	0.0254	0.0241	0.0237	0.0247
60	0.0907460432333784	0.0755791095944267		0.0883656005340778	0.0834223171382808	0.0793632533325664	0.07586		0.069264243694093		0.0763687266694318		0.0536218724778047		0.0710835913312693		0.0495173624169487	0.0977650143588463	0.0751191371958866	0.0776347043380423		0.0573	0.0535	0.0539	0.0527	0.0477	0.0485	0.0474	0.0477885220575614	0.0430536154361578	0.0416	0.0445	0.0447	0.0419	0.0412294861447404	0.0423	0.0382	0.0404	0.0403	0.0394
65	0.144547876942243	0.101968256128473		0.136691964582917	0.134588935812177	0.128783855549655	0.12277		0.119644429051763		0.108784731967443		0.140797398859336		0.116651113184909		0.0986547085201794	0.121367284804871	0.108188720173536	0.106939550013554		0.0833	0.0845	0.0794	0.0779	0.0766	0.0736	0.0716	0.0759413044262039	0.0685362322280506	0.08	0.0679	0.0679	0.064	0.0623406991698819	0.0642	0.0641	0.0604	0.0615	0.0593
70	0.247734627831715	0.160374320407661		0.19596146792533	0.186313919790596	0.176631945066963	0.160429459956204		0.15954084302708		0.16121140612125		0.194795123918236		0.193178388167824		0.193298214808311	0.187775677378702	0.175889328063241	0.17301563211413		0.1411	0.1384	0.1347	0.1283	0.127	0.1249	0.1225	0.120587852776694	0.113330870080395	0.1133	0.1203	0.1226	0.1105	0.105513853213297	0.1089	0.1045	0.1024	0.0995	0.0932
75	0.377204775220478	0.31412584888207		0.316854741896759	0.295818014705882	0.27660315732172	1		1		1		0.304903886898571		0.403666292555181		0.239856806977373	0.217503012122117	0.273779233891711	0.23022586853627		0.2281	0.2335	0.2245	0.2098	0.2113	0.2127	0.1989	0.205507409269721	0.187262903782044	0.1877	0.193	0.2053	0.1941	0.19012769042043	0.1916	0.1792	0.1805	0.1765	0.1679
80	1	1		1	1	1							1		1		1	1	1	1		1	1	1	1	1	1	1	1	1	1	1	1	0.3231	0.313837203297933	0.3217	0.3081	0.3128	0.3158	0.3009
85																																		1	1	1	1	1	1	1
