nQx	1977	1978	1979	1980	1981	1982	1983	1984	1985	1986	1987	1988	1989	1990	1991	1992	1993	1994	1995	1996	1997	1998	1999	2000	2001	2002	2003	2004	2005	2006	2007	2008	2009	2010	2011	2012	2013	2014	2015	2016
0	0.12771	0.11457		0.10701	0.10136	0.0898	0.08517		0.08		0.06676		0.0619		0.0577		0.0576	0.0568	0.0579	0.0569		0.0387	0.0402	0.0384	0.0389	0.0361	0.0346	0.03218	0.03244	0.02837	0.0279	0.0269	0.0266	0.0252	0.02463	0.0239	0.0236	0.0235	0.0237	0.0237
1	0.0571254972543535	0.0455033147736128		0.0536288200315793	0.0504874031870382	0.0466051417270929	0.02192		0.0180760869565217		0.0125155372680125		0.00949792133034858		0.00848986522338958		0.00859507640067912	0.00911789652247668	0.00902239677316633	0.00805853037853886		0.0073	0.0068	0.0067	0.0058	0.0057	0.0057	0.00543	0.00522964984083674	0.00468285252616737	0.005	0.0045	0.0043	0.0039	0.00380368475552867	0.0035	0.0037	0.0036	0.0034	0.0032
5	0.0173747051528342	0.020044016375985		0.0108977317099145	0.0103484242971158	0.00965682546267487	0.01336		0.0115788658024951		0.00786709492599505		0.00650028519463188		0.00545863213100717		0.00545804794520548	0.00502888936443398	0.00524850042844901	0.0051309460181721		0.0045	0.004	0.004	0.0038	0.0037	0.0033	0.00279	0.00284675324675325	0.002947015758779	0.003	0.0028	0.0025	0.0025	0.00233618409542334	0.0024	0.0024	0.0023	0.0021	0.0019
10	0.0121880297462168	0.0156363197295339		0.00687864867451431	0.00638292833120174	0.00613218524552013	0.0101		0.00916105766538621		0.0071748094191248		0.00600119157233386		0.00462813475406307		0.00441239776151528	0.0044090762447575	0.00473780553461828	0.00451273235199312		0.0037	0.0032	0.0031	0.0029	0.003	0.0031	0.0025	0.00262565641410353	0.00249940366924904	0.0026	0.0025	0.0022	0.0021	0.00219723540334227	0.0023	0.0021	0.0022	0.0023	0.0018
15	0.0131901994187794	0.0160196258816314		0.0102509124637123	0.009546510934986	0.00906185241122546	0.008		0.0102969267460129		0.00817405673368218		0.0069964363945467		0.00616282841388258		0.00637768889849746	0.00702019656550383	0.00724794461272177	0.00723151645979493		0.0056	0.0048	0.0047	0.0045	0.0041	0.0043	0.00366	0.00360411182148677	0.0036909192988293	0.0037	0.0033	0.0036	0.0033	0.00343237598990964	0.0046	0.0033	0.0031	0.0036	0.0033
20	0.0153340357201792	0.0173524975379898		0.0164058126232262	0.015426453600308	0.0145913822233249	0.00901		0.00915922432105251		0.0084635633601013		0.00680428889693697		0.00641862489120975		0.00924717145343777	0.0154448553404394	0.0150375939849624	0.0122852794085671		0.0082	0.0075	0.0062	0.0063	0.0054	0.0058	0.00495	0.00487528701286447	0.00504033310027445	0.0048	0.0048	0.0048	0.0041	0.00449193422895378	0.0046	0.0044	0.0048	0.005	0.0046
25	0.0177385878743345	0.0194603371941086		0.0168650548145215	0.0155826061450466	0.0147954534554698	0.00955		0.00920931304748732		0.00841258639423777		0.00770174256069128		0.00700755502025621		0.0104326817482978	0.0161290322580645	0.0152671755725191	0.0134287286736379		0.0096	0.008	0.0075	0.0073	0.0069	0.0069	0.00599	0.00594222137935394	0.00610421211612687	0.0058	0.0055	0.0057	0.005	0.00536670765511348	0.0052	0.0052	0.005	0.0052	0.0045
30	0.0198963186560798	0.0201053135471517		0.0243030646277767	0.021664369871007	0.0197517342095655	0.01247		0.0128197671036866		0.0113194758246724		0.00849647001180375		0.00793913331128018		0.0108743897026187	0.0156074556478778	0.0141557128412538	0.0123828647925033		0.0096	0.0078	0.0082	0.0079	0.0072	0.0077	0.00678	0.00647588765235824	0.00692260610793356	0.0061	0.0063	0.0062	0.0055	0.00592999256131675	0.0057	0.0054	0.0055	0.0057	0.005
35	0.0228042689377201	0.0207290827710955		0.0336153965223673	0.0321692342833938	0.0301438911443008	0.01627		0.0156259206448344		0.0182819534267236		0.0113994990959018		0.0097821253890618		0.0135756759789072	0.0171096156039694	0.0153846153846154	0.0133303208314505		0.0108	0.0102	0.0098	0.0093	0.0085	0.0085	0.00783	0.00801160669518557	0.00861794147025694	0.0078	0.0077	0.0083	0.0069	0.0069877003825845	0.0074	0.0067	0.0071	0.0068	0.0061
40	0.0279132865599649	0.0247407946716283		0.0358525321017646	0.0350741474032019	0.0349722858715549	0.02		0.0179928890378653		0.0157242952582695		0.0144051622284831		0.0135817712425637		0.0177434030937216	0.0227457351746548	0.0199074074074074	0.0180902221204488		0.0146	0.0133	0.0122	0.0124	0.011	0.012	0.01115	0.010958403234826	0.0110295299855298	0.0104	0.0104	0.0102	0.0095	0.00926564705632622	0.0094	0.0092	0.0093	0.009	0.0083
45	0.0409083860781798	0.0345895429535212		0.0425296267582235	0.0406565931079465	0.0395558915993474	0.02313		0.0223454833597464		0.0203862026558823		0.0187998524597722		0.0174101046882112		0.0224641037517369	0.0241064006650042	0.0255077940481814	0.0244869402985075		0.0193	0.0193	0.0182	0.0171	0.0167	0.0176	0.01558	0.0151899009448836	0.0152060347256844	0.0146	0.0149	0.0156	0.0144	0.0142373535020247	0.0141	0.0136	0.013	0.0128	0.0123
50	0.0567632317709482	0.0474853935158666		0.0614950838635049	0.0577337110481586	0.0550652579241765	0.04008		0.0349888399815454		0.0344869210434195		0.0280998531571219		0.028372900984366		0.0342335939350865	0.0378437576052568	0.0358744394618834	0.0338273966053072		0.0299	0.0283	0.0264	0.0259	0.025	0.0255	0.02549	0.0255487347082984	0.0237280301112664	0.0237	0.0232	0.0229	0.0217	0.0212243389808405	0.0211	0.0205	0.0211	0.0207	0.0196
55	0.079002726918582	0.0803415719526129		0.0871246552760103	0.0829174433287235	0.0802420415680084	0.05821		0.0559755010272512		0.0567849373640387		0.0468978521267209		0.0483967099773513		0.0528639764503864	0.0532439610471734	0.0531674208144796	0.0502294431353094		0.0425	0.0398	0.04	0.0365	0.0354	0.036	0.03549	0.0366878923157108	0.0368629307720924	0.0374	0.0339	0.0366	0.0338	0.0341205600524078	0.0333	0.0318	0.0304	0.0313	0.0297
60	0.118027239658235	0.114137186948277		0.119202727334098	0.111952530815631	0.109506102212052	0.08736		0.102205067137519		0.0945999681883251		0.0644236744321713		0.0825504196417387		0.0600802796840606	0.0905690622495325	0.0868180007964954	0.0872623078926804		0.07	0.0674	0.0655	0.0631	0.0608	0.0629	0.06044	0.0587038343919078	0.055409248920257	0.0562	0.0567	0.0574	0.052	0.0527531900218416	0.052	0.0503	0.0503	0.0526	0.0507
65	0.178576224366475	0.152887986713416		0.165475483339401	0.161430839085976	0.156807109588308	0.15545		0.13922429564581		0.134847087414174		0.129098721754571		0.132559726962457		0.114340818294531	0.118830787309048	0.121965401947958	0.114297945205479		0.0962	0.0969	0.0935	0.0904	0.0878	0.0891	0.08809	0.0892426495395419	0.0818185197576298	0.0858	0.0803	0.0827	0.0783	0.0781058482299972	0.0805	0.0764	0.0738	0.077	0.0747
70	0.274077533862681	0.236793377627709		0.21208642343811	0.199969184715619	0.194497354497355	1		1		1		0.188796712789304		0.223638652817123		0.221651889874008	0.19436572762127	0.191556291390728	0.18753020782987		0.1661	0.1606	0.1521	0.145	0.1443	0.1484	0.13863	0.145115041091004	0.130701754385965	0.1352	0.1335	0.1354	0.1284	0.125663134338182	0.1253	0.1185	0.1233	0.1173	0.1149
75	0.402168318105778	0.350135578707007		0.330749504604266	0.306380168927284	0.290278507619548							0.276002993150291		0.375228055949726		0.256686620776012	0.251033012680085	0.255409456648248	0.251818072509667		0.2594	0.2601	0.249	0.234	0.225	0.2292	0.21516	0.223623816401862	0.207141193821315	0.2133	0.2084	0.2154	0.2046	0.20293891808067	0.2077	0.1953	0.1918	0.1942	0.1801
80	1	1		1	1	1							1		1		1	1	1	1		1	1	1	1	1	1	1	1	1	1	1	1	0.319	0.323630525122781	0.313	0.3076	0.3081	0.3096	0.3037
85																																		1	1	1	1	1	1	1
